7194
7124
4749
4330
3841
2793
3771
4330
3772
3283
3772
2934
3352
3771
3771
3352
3423
3283
5587
2444
4819
2863
3702
2863
3423
3353
3283
3771
3352
2864
2305
3352
3352
3841
3772
3283
3841
3422
3283
3702
3283
3283
2375
2375
3283
3283
3353
2374
3283
3283
3353
2933
3282
3283
4820
2933
3771
3283
3353
3422
3771
3842
3841
2863
3282
3841
2374
5308
3282
3422
3352
2444
3282
3771
2933
2933
3353
3283
2864
3352
4330
2794
3771
2934
3842
3282
3771
3352
2934
3283
3352
2794
3422
3353
3283
3283
2864
3422
2304
2863
23886
23118
22629
23677
22559
22839
22419
22001
22978
22001
23327
23258
22629
22698
53988
24305
22489
22559
28426
22699
22349
22838
22001
22489
22001
23467
21861
22280
22350
22489
22350
22350
23187
22350
22489
22489
22070
21930
22140
23118
22001
22978
22978
22908
22489
22839
25213
22629
22699
22559
22419
22420
22489
23816
22280
21930
22000
21372
22210
22769
22350
23816
22001
21930
22000
22070
21023
22140
23467
22001
22000
23886
23886
24724
23746
25143
23677
24165
23886
23886
23886
23816
24724
24724
24724
25073
24584
24305
24235
26260
23886
23816
23327
23886
23816
24235
26679
23746
23747
23746
255482
237603
233203
232854
238790
239419
316245
239977
267356
270638
269520
269102
233412
233343
233202
231457
232505
232853
233203
236276
234600
396773
240955
293826
317502
312473
302626
191787
192135
192764
193184
192764
197025
195837
193183
198002
200377
213856
312263
204847
203660
189342
187875
186688
186688
191577
192275
191857
187386
192624
192765
198561
196187
197793
196396
197513
194650
212320
393002
187945
193184
192275
194231
193951
193253
193183
188504
192764
190669
194022
191786
187526
186967
194231
192485
192904
186408
457046
187735
190111
189202
188015
188015
188294
196605
197513
194650
194231
200168
222098
218047
221888
222867
210294
191996
231946
191367
191856
192555
191228
2084437
2203937
2282928
2145409
2072145
2663148
2142616
2075218
2151136
2062088
2109651
2228312
2487566
2116425
2539807
2377984
2155955
2365831
2097846
2630323
2398307
2129275
2210852
2079618
2276643
2106856
2222934
2188432
2490149
2150577
2093097
2336497
2152393
2643313
2495109
2185778
2740603
2039110
2475204
2330351
2135701
2438048
2114888
2112513
2095332
2099663
2072075
2148762
2053358
2421704
2433578
2043021
2155536
2115307
2244864
2085345
2431902
2087300
3102246
2348231
2064881
2300668
2096031
2620894
2331608
2106716
2147854
2310096
2508309
2103434
2060621
2392859
2103854
2276643
2107206
2209734
2309189
2248077
2087789
2132000
2183473
2080526
2432600
2158679
2372466
2067536
2708826
2639542
2136260
2162031
2094006
2160565
2077663
2099174
2162032
2137797
2450131
2320364
2718115
2474715
24057385
24664034
24822087
23893466
23759090
24222981
24101246
24208803
23275503
24501651
24620941
25508634
23860152
24426710
25606063
24434254
23628136
23677723
24637494
24163546
24211597
23432718
24541112
24187571
24697488
22888019
23652092
24685126
24982723
24039715
24236879
25219558
24369439
24275712
23432159
24593632
24775292
38273183
31847431
25134490
23873701
23248823
22828932
22953601
23393607
24214250
23436838
23338640
23844995
23180308
23249033
36323889
37064076
27937182
23108301
22576314
22233948
23798969
22800507
23021417
23591468
22916934
22814895
22503469
23414908
23409460
22955556
22608790
22570377
23370697
22921682
22824114
23212924
23714042
23891091
22901918
22876355
23436768
22622060
23084973
23362386
22953950
22869930
23730943
23756644
22292126
23249801
22775713
22599012
22949759
22797713
22740443
23185266
23080084
22426222
23399542
22462959
22609558
22917841
22530567
