2933
3352
1886
2863
2374
2444
2375
2374
1885
2374
2374
2445
2863
2444
2375
2374
3353
2864
2793
2863
3352
2793
2374
1886
2864
2444
2863
2793
2794
2375
2445
2863
2374
1885
2933
2375
2444
2374
1886
2375
2375
2864
2374
3352
2305
2793
1956
2375
1956
2793
2374
2444
1955
2864
1956
1886
2864
2933
2375
1886
2375
2794
2445
2444
2863
2375
2375
4330
2864
3353
3282
2375
2445
2863
2374
2863
2444
1955
2864
2375
2305
2375
2864
1886
2793
2793
3212
1885
2375
1886
2445
2933
2375
2375
2444
2445
2794
2863
1885
2374
26120
24723
25142
25701
24723
24164
24793
25352
24305
24863
24863
25282
25282
24723
24584
24513
25771
26259
26679
25771
26260
25771
25701
26539
26329
26748
24793
26260
26608
26329
25910
25632
26679
25282
25771
25352
26260
25701
25632
27097
25492
25771
25282
26749
26329
26748
26678
25282
26748
26539
311486
29542
27656
33802
28215
28005
27657
28634
28216
28635
28215
28146
28635
28495
29542
28146
28564
28076
30520
28564
33384
35898
34780
34361
31917
32476
31009
31498
30311
30520
30520
30520
31497
30520
31498
30869
30520
31008
30520
31498
30520
30031
31009
30310
30520
30520
30939
31498
31009
30520
1060797
1189512
1079724
1102073
2103366
1256348
1079864
1147747
1046340
910293
870762
866363
1115063
878236
888712
923003
1050670
906451
901073
922444
1263123
982157
891855
897442
962742
902400
904635
913016
1242450
1597167
1589624
1610297
1676296
1222546
1544229
1709399
1691102
1586551
1595771
1576494
1581313
1692568
1499600
1368442
1095088
1412301
1608412
1589554
1598913
1588647
1585713
1610227
1581453
1369978
1592767
1379407
1640398
1587320
1582082
1684048
1584386
1590323
1594862
1550863
1469361
1208438
1742853
1616722
1678670
1635719
1597236
1611135
1598215
1654227
1268361
1580685
1460281
1691032
1405876
1062264
1162484
1002481
932361
919930
947796
919581
922305
938298
921816
928800
934667
1114784
942488
932012
931035
997034
933898
1079375
963371
944095
136862389
154990155
127045913
128698113
125426886
120634407
121282380
121367240
123986587
124475395
122195055
122655649
122420358
125630895
127316061
128219093
126383148
125831972
127418384
125149497
122864407
122428887
125548283
124386850
122497687
121662751
121283800
125407214
127607309
125261458
123087135
123685944
124821615
127271038
121481244
126570545
128143826
128042629
121691812
121677358
122867783
127070466
124220022
138572600
126759329
126950830
132284290
127477917
124207249
123909732
125297030
125098894
121899950
122541289
126720296
128829395
126672394
124774706
125242843
129289084
129583879
127730607
125027106
128374817
128394234
122789864
126553465
127109180
125681444
124243791
123256744
126276695
127130559
123469623
124645447
127261789
127840551
124312172
123288948
125478364
125778677
123720007
123337633
125483393
127242311
125074132
124889894
126114613
126869932
128536801
125575311
127572033
129323337
125390165
123904391
123559459
125689226
126158272
123671413
122735977
13888899620
14109729567
13780831329
13747125226
13620432208
13825564318
13997464414
14317070291
14368862192
14541021518
14435977703
13694019902
13669158495
13680184613
13706247880
13698292090
14035076348
13911515143
13758411012
14010154137
13855703698
14375818714
14038801860
14149003254
13927331617
13632418290
13721257740
13835113418
13707242074
13647559612
13719645484
13701464045
13588165007
13559512571
13538746454
13567604781
13617434135
13725614376
13719889287
13822419716
13807851112
13910624409
13607831718
13584952726
13511617633
13633863501
13627072682
13573724001
13594956243
13556396760
13562342146
13578521560
13589294416
13631212718
13634917963
13692949201
13599366292
13642376859
13608322153
13574397602
13643449608
13678559472
13784539309
13526341580
13554268858
13654625726
13538973144
13467766993
13491561576
13468302047
13741057367
13704448105
13587038377
13560120211
13688581704
13652325063
13512618150
13552228848
13562205684
13581025868
13549567217
13584492515
13685406070
13854372734
13670600800
13724176038
13836261785
13760732466
13829719737
13636446022
13569842228
13939186585
13962240693
14170536315
14217870623
14055399327
14157961536
14059892762
13834218546
13727849706
